accuracy: 0.5253549695740365
f1: 0.5145228215767635
