accuracy: 0.78375
f1: 0.8285431119920714
