accuracy: 0.5273833671399595
f1: 0.533066132264529
