accuracy: 0.4817813765182186
f1: 0.45991561181434604
