accuracy: 0.49290060851926976
f1: 0.4979919678714859
