accuracy: 0.5050709939148073
f1: 0.5100401606425702
