accuracy: 0.5233265720081136
f1: 0.5290581162324649
