accuracy: 0.5172413793103449
f1: 0.49789029535864987
