accuracy: 0.5111561866125761
f1: 0.5071574642126789
